4999394 1008537 1457264990
1766831 3498022 1457264992
4062354 3957352 1457265000
2593738 474462 1457265003
616443 1159915 1457265007
4415502 2090769 1457265013
6023227 6023227 1457265030
756809 756809 1457265033
224132 5452285 1457265043
5290840 5290840 1457265047
6005106 3879992 1457265061
2466819 2466819 1457265065
2577687 5024892 1457265065
4168046 4168046 1457265066
1258079 3541916 1457265069
5901428 1435985 1457265074
1062441 1863853 1457265084
5937076 5937076 1457265084
2840864 2840864 1457265093
3933332 633183 1457265097
2875733 483266 1457265101
5579164 5579164 1457265119
2921939 3430603 1457265125
4516174 1683141 1457265125
3545806 3545806 1457265132
756809 854401 1457265137
4607153 2498782 1457265137
1509104 5985386 1457265142
3559349 1845408 1457265151
4905894 4905894 1457265152
2066736 4830578 1457265160
2535611 3660378 1457265167
2697630 4589438 1457265167
1560062 5951289 1457265192
916225 6024127 1457265194
5471063 5471063 1457265196
4593741 3227447 1457265196
1845408 1845408 1457265234
499581 4905894 1457265241
3430603 3430603 1457265241
2468723 5471063 1457265245
3402095 5278889 1457265254
464075 464075 1457265259
6008370 6008370 1457265268
4603670 4603670 1457265271
2466819 2466819 1457265284
2823146 3111609 1457265299
2656632 1100552 1457265310
1258079 5599385 1457265312
2071317 3856666 1457265324
4694807 4694807 1457265325
3403603 3403603 1457265327
2135548 6024199 1457265331
4905894 4905894 1457265336
6024198 6024198 1457265337
2055998 697911 1457265341
5471063 5471063 1457265342
3863146 2675672 1457265343
3038677 2709090 1457265344
5992514 5593663 1457265354
5828883 1916354 1457265363
5797856 97073 1457265363
5949249 2741273 1457265372
4415502 5471063 1457265377
522444 6023390 1457265378
2988730 5992185 1457265385
1174024 1278263 1457265417
3430603 1778988 1457265422
4569755 4569755 1457265426
2468723 6024156 1457265426
1174024 656449 1457265430
1766831 4565405 1457265438
4876291 16076 1457265440
1174024 656449 1457265449
3956566 6023969 1457265460
6017570 1240763 1457265465
4797914 1741094 1457265474
16076 16076 1457265484
1560062 1127241 1457265484
499581 4905894 1457265493
224132 3545806 1457265495
3856666 3856666 1457265497
1409113 34211 1457265500
6015428 5826131 1457265507
557846 1123816 1457265507
5340371 771848 1457265510
3957352 3957352 1457265518
1939922 1939922 1457265522
5096874 614157 1457265535
659298 2135453 1457265539
3138436 4760203 1457265545
2010764 148335 1457265553
1529630 5875416 1457265560
2166188 2166188 1457265572
5383056 1120793 1457265577
3856666 3856666 1457265588
3011380 3706129 1457265591
1332580 205185 1457265594
3431942 6013790 1457265595
1162274 1162274 1457265605
4876291 560768 1457265640
1741094 1741094 1457265642
16076 6024222 1457265650
2201382 5221149 1457265651
5402030 5579164 1457265661
1242974 1242974 1457265666
1994235 1994235 1457265667
5992185 5992185 1457265687
224132 3545806 1457265689
5989547 5989547 1457265697
5471063 4415502 1457265698
3732556 3732556 1457265705
5996757 2913864 1457265706
1766831 4496588 1457265712
697911 697911 1457265730
2011147 4995893 1457265744
4016197 2741273 1457265748
4619336 620642 1457265761
2071317 3856666 1457265762
1123816 1123816 1457265766
1155237 722804 1457265766
4876291 4876291 1457265771
805007 5998820 1457265778
875023 6004772 1457265781
3545806 3545806 1457265783
2425513 2425513 1457265790
5875416 5875416 1457265796
1400793 183406 1457265803
2970789 3918993 1457265810
979580 3732556 1457265832
1174024 579828 1457265833
671543 5949249 1457265837
3977529 3977529 1457265838
2921939 3430603 1457265849
112731 3084511 1457265853
5579164 5579164 1457265856
764446 2166188 1457265856
2617068 4995893 1457265870
2246120 2246120 1457265873
2388760 2388760 1457265884
4797914 1741094 1457265909
1327678 1327678 1457265909
805548 805548 1457265922
642070 4995893 1457265934
1815980 1815980 1457265941
1400793 183406 1457265942
660921 3088597 1457265945
5472518 5472518 1457265950
660921 3033496 1457265956
1904088 1904088 1457265960
4905894 4905894 1457265962
440558 6024222 1457265963
2486888 6024222 1457265969
4415502 4415502 1457265970
2425513 2425513 1457265977
3732556 3732556 1457265981
5775283 5775283 1457265983
4797914 1741094 1457265998
2617068 6019061 1457266012
440558 6024222 1457266019
5221149 5221149 1457266035
2000548 1891677 1457266036
1593860 6024222 1457266040
2893491 5978702 1457266042
5434621 5699534 1457266069
6019061 6019061 1457266074
5344175 5666987 1457266074
440558 805548 1457266078
6015092 6015092 1457266080
2403193 516701 1457266082
4415502 4415502 1457266082
5989547 633183 1457266082
2675672 2675672 1457266087
5344175 5666987 1457266097
1123816 1123816 1457266097
979580 2109254 1457266099
256618 256618 1457266099
2000548 2000548 1457266106
1560062 609597 1457266108
5240430 6040 1457266115
5579164 5579164 1457266119
364696 2751384 1457266123
5699534 5699534 1457266133
642070 5344175 1457266138
5221149 4694807 1457266140
2057709 6018401 1457266140
937841 1857279 1457266141
5067493 2029220 1457266150
15031 2469520 1457266153
6021084 40851 1457266155
1110437 1401879 1457266159
67566 4411955 1457266187
1770246 1770246 1457266191
40521 499636 1457266193
2329988 6019061 1457266193
16007 5927535 1457266194
5483958 1300892 1457266196
2043471 411591 1457266196
1993577 6024127 1457266201
5666987 5666987 1457266206
560768 16076 1457266210
2308683 5007332 1457266218
3856666 3856666 1457266218
364696 2751384 1457266225
5434621 5699534 1457266225
341994 5156137 1457266236
499581 4905894 1457266242
3977077 2121682 1457266249
499636 499636 1457266249
805548 805548 1457266262
256618 2420409 1457266270
5302008 4919205 1457266275
1891677 1891677 1457266277
4760203 4760203 1457266281
4208058 4208058 1457266286
3943312 6024222 1457266286
6001214 6001214 1457266294
879035 6023707 1457266305
5067493 6023707 1457266307
557846 1123816 1457266309
5471063 4415502 1457266312
5858704 6024228 1457266319
2000548 1891677 1457266342
16007 5927535 1457266347
428908 428908 1457266353
40521 499636 1457266357
4497050 1320535 1457266361
1718554 6024258 1457266362
4415502 4415502 1457266366
2308683 6024249 1457266368
3314624 3744182 1457266386
2469520 2469520 1457266387
156755 5100743 1457266387
1300892 1300892 1457266393
4621447 4945232 1457266405
2052889 5971390 1457266414
400547 8513 1457266414
634003 2756547 1457266414
5471063 4415502 1457266416
3101298 2073257 1457266418
1718554 2751384 1457266419
4963558 5931145 1457266419
5915850 5915850 1457266428
5067493 4909577 1457266440
4774369 1320351 1457266440
634003 1240763 1457266446
660921 5155337 1457266455
4621324 633183 1457266458
1332580 205185 1457266462
156755 3501205 1457266471
4415502 4415502 1457266476
4107956 3150635 1457266479
5637421 5989547 1457266486
5403473 130560 1457266504
4667831 4009898 1457266505
1300892 633183 1457266507
1338031 1461008 1457266509
4945232 4945232 1457266510
16007 5927535 1457266526
67566 4905894 1457266551
499636 499636 1457266554
4644312 6024056 1457266556
209129 68507 1457266557
5989547 5989547 1457266566
2709090 2709090 1457266566
2087055 499636 1457266570
5885018 6024198 1457266577
6024256 2011147 1457266593
2840103 6007764 1457266602
3700106 3700106 1457266608
4661191 4661191 1457266618
130560 130560 1457266620
2252814 5298819 1457266621
4415502 1973098 1457266622
5482161 2263560 1457266624
4208058 6024260 1457266629
15031 2469520 1457266630
5996757 2913864 1457266633
4009898 4009898 1457266637
1560681 1560681 1457266638
156755 4783386 1457266639
2308683 2751384 1457266643
104223 2535509 1457266647
2317490 4672243 1457266654
5830743 5830743 1457266657
4734572 974155 1457266669
5471063 4415502 1457266673
522444 6024258 1457266678
4208058 6024260 1457266684
499636 499636 1457266695
1973098 1973098 1457266704
104223 1468116 1457266705
364696 2751384 1457266710
4601170 5819577 1457266715
2308683 2011147 1457266728
5787829 1041336 1457266744
16007 5927535 1457266745
1631193 5007332 1457266746
5483872 5483872 1457266749
557846 6024260 1457266750
225600 6024270 1457266754
1766831 1491895 1457266760
522444 6024258 1457266762
2468723 5994686 1457266764
4039065 4919205 1457266770
2893491 130560 1457266778
499581 6024256 1457266782
4667831 4009898 1457266782
4422347 6024270 1457266785
2308683 2751384 1457266788
3879992 5472518 1457266789
4415502 4415502 1457266792
130560 130560 1457266804
5787829 5787829 1457266816
5651307 1320535 1457266826
1613640 454615 1457266828
2469520 2469520 1457266832
6023471 4406346 1457266834
5043867 5043867 1457266836
4468237 4468237 1457266838
5872611 3830684 1457266849
6024249 6024249 1457266860
2773607 5939892 1457266891
1631193 6021026 1457266894
3104272 445215 1457266894
4694807 4694807 1457266898
5966448 3504589 1457266901
981744 5833158 1457266905
2970947 5289734 1457266906
2317490 2038901 1457266929
4415502 1973098 1457266929
4009898 4009898 1457266930
805548 805548 1457266961
1631193 6021026 1457266974
471093 471093 1457266987
3856666 2305274 1457266996
5344175 5666987 1457267001
5978702 5978702 1457267009
2109254 2109254 1457267011
1741094 1741094 1457267012
4661264 4661264 1457267047
6021026 6021026 1457267053
256618 1210561 1457267054
6024249 6024249 1457267056
5471063 4415502 1457267060
13271 6015788 1457267062
2469520 2469520 1457267067
2194364 1441122 1457267069
4941350 4941350 1457267082
5007332 5007332 1457267087
755666 3098466 1457267097
2308683 6024249 1457267118
1142958 1026105 1457267119
2052889 5971390 1457267124
15031 3100921 1457267148
6021026 6021026 1457267153
557846 6024260 1457267180
5939892 5939892 1457267188
3314143 3314143 1457267190
4438388 4438388 1457267195
4914510 2449057 1457267203
1422451 3573614 1457267209
6024222 6024222 1457267224
2317490 4053066 1457267240
3518452 6023887 1457267251
5838274 3427727 1457267252
5978702 6008370 1457267262
1476269 4984255 1457267262
4438035 4626813 1457267267
898073 898073 1457267267
1744753 5454585 1457267275
2087055 499636 1457267280
4600 2514481 1457267285
6023693 5214807 1457267288
3013715 2058046 1457267297
1274862 1274862 1457267299
174777 2279083 1457267314
5967915 4984255 1457267327
5344175 5666987 1457267338
4428999 5966525 1457267345
1953800 5991922 1457267345
4438388 4438388 1457267345
6024198 6024198 1457267353
992484 4009898 1457267372
15031 2469520 1457267374
16007 5927535 1457267378
1180289 253575 1457267394
4401597 3832970 1457267402
174777 6023260 1457267409
979580 2109254 1457267410
1741094 1741094 1457267422
6024249 6024249 1457267422
2860319 2860319 1457267427
6000244 4856258 1457267428
778560 1306132 1457267429
1400793 5991922 1457267442
5538420 2402272 1457267448
3537572 2308683 1457267461
2058046 2058046 1457267468
1320535 1320535 1457267480
1491895 1491895 1457267496
1422451 6022591 1457267510
1406609 771848 1457267512
6024198 6024198 1457267524
2058046 2058046 1457267532
6018863 6018863 1457267541
4675269 5202965 1457267544
2469520 2469520 1457267551
4706184 4706184 1457267558
862787 862787 1457267563
1318694 684908 1457267567
1476269 4984255 1457267577
4428999 5454585 1457267588
5538678 5538678 1457267596
1406609 5748019 1457267605
1781259 333340 1457267606
3862050 3186555 1457267617
979580 6023946 1457267622
4675269 4684726 1457267623
5043867 5571541 1457267636
392 392 1457267645
256618 130164 1457267646
5829866 5829866 1457267655
432282 2195403 1457267657
204610 5806130 1457267668
180286 465056 1457267669
5214807 2411802 1457267684
5699394 5171219 1457267687
6017735 5244695 1457267689
2514481 2514481 1457267701
4620449 5294761 1457267720
1405065 3150635 1457267726
4242675 4242675 1457267751
31325 1076451 1457267774
4039065 5988856 1457267787
2209980 128035 1457267789
4482905 5459839 1457267790
5482161 4438388 1457267791
1387588 4110919 1457267810
2109254 2109254 1457267817
552182 552182 1457267827
3418066 2256008 1457267838
2414957 5518989 1457267842
1911941 6024249 1457267844
667810 1666116 1457267850
2055998 697911 1457267852
4683697 6019061 1457267855
2809097 2809097 1457267863
979580 5988856 1457267863
2538207 2538207 1457267877
1467082 5988856 1457267879
4572570 426790 1457267888
1407478 464075 1457267904
4428999 5485931 1457267908
261405 3433 1457267916
5927535 5927535 1457267922
5751175 5751175 1457267935
4208058 6024260 1457267954
5674163 862787 1457267964
5651307 1320535 1457267967
4415502 4415502 1457267973
2043471 5321 1457267992
2057709 6014874 1457268000
1014413 6024216 1457268022
4353060 5066324 1457268029
2209980 128035 1457268055
1553385 775 1457268059
2414957 4523809 1457268071
1766831 3832970 1457268076
1422451 5992978 1457268099
5992465 1209018 1457268104
848930 4931657 1457268109
238948 427332 1457268110
5171219 5171219 1457268112
2194364 2194364 1457268113
1745001 540665 1457268126
4528276 3151675 1457268149
4600 2514481 1457268150
6022341 5344058 1457268162
2879327 576671 1457268164
2797642 5632714 1457268192
5829866 5829866 1457268197
5472518 5472518 1457268232
1766831 4338898 1457268233
2057709 6014874 1457268234
530728 1836420 1457268266
1461008 1461008 1457268268
856804 2900 1457268280
371753 791604 1457268289
3150635 3150635 1457268292
5836823 5836823 1457268349
4248328 4438388 1457268354
748858 1267329 1457268386
979580 2109254 1457268403
101130 5872573 1457268426
247533 312172 1457268427
5083288 1878264 1457268432
4683697 2011147 1457268442
1054992 1054992 1457268454
4828276 5984964 1457268480
620097 6023683 1457268487
2809097 1116364 1457268496
2715393 3900322 1457268499
1982354 2893491 1457268518
1766831 4401439 1457268539
1982354 6018278 1457268556
1258079 4890251 1457268573
5579164 5579164 1457268575
771848 771848 1457268583
2283319 5813181 1457268607
5037910 5037910 1457268627
6024258 6024258 1457268661
104223 2535509 1457268673
1982354 2893491 1457268682
2256008 2256008 1457268695
5637872 5546017 1457268698
3894266 3894266 1457268699
5971390 5971390 1457268701
916225 6024088 1457268702
1130801 1008537 1457268709
916225 4369876 1457268711
620097 6023422 1457268718
2704360 1004379 1457268720
962265 5720087 1457268724
5896847 5090771 1457268739
5034195 5034195 1457268740
5140175 5140175 1457268766
807126 5605867 1457268795
2462241 617941 1457268796
2809097 3957352 1457268802
4309949 2411802 1457268828
115049 115049 1457268832
5994686 5994686 1457268837
306323 19556 1457268849
857932 2509 1457268863
2893491 6018278 1457268893
4493835 740553 1457268900
5991922 5991922 1457268900
916225 6023542 1457268907
5696792 6020935 1457268908
2035262 2035262 1457268924
4694807 2468723 1457268925
611545 5937076 1457268935
2308683 2308683 1457268956
109749 2267999 1457268959
3957352 3957352 1457268988
2468723 2468723 1457268998
5836823 5836823 1457269011
916225 6002440 1457269015
1129819 1129819 1457269025
5156137 5156137 1457269032
6022780 6022780 1457269035
371753 6023611 1457269040
6013332 6013332 1457269045
268581 268581 1457269067
6020863 3785314 1457269071
2308683 6024249 1457269081
3141240 152786 1457269085
1986221 5819577 1457269102
2035262 2035262 1457269109
1516856 1516856 1457269136
652722 5481420 1457269158
5019163 6022345 1457269170
2916756 4384989 1457269193
256196 1793718 1457269199
805548 2030219 1457269210
3128921 90413 1457269210
5168739 5168739 1457269229
54506 4164192 1457269320
1258079 4117061 1457269331
1886109 1886109 1457269336
775516 2071317 1457269336
2411802 2411802 1457269369
6024260 6024260 1457269370
6013332 6013332 1457269381
2067976 1958200 1457269388
2212907 22656 1457269388
734069 936986 1457269425
1105562 1105562 1457269440
2411802 2411802 1457269461
426790 426790 1457269475
1602584 15275 1457269479
5605867 5605867 1457269488
2162900 5082235 1457269520
6024076 734069 1457269561
5147241 1885713 1457269567
285587 5678785 1457269568
6024216 6024216 1457269571
2030219 2030219 1457269631
5605867 5605867 1457269643
6024076 734069 1457269644
366489 2602984 1457269677
4984255 4984255 1457269703
1609556 4687565 1457269710
3398485 5668187 1457269714
5237611 22656 1457269720
4231246 5833869 1457269724
1116115 1766831 1457269746
567276 567276 1457269761
6022482 279791 1457269793
1258079 6022842 1457269799
3872311 2204410 1457269818
101254 101254 1457269827
4830578 4830578 1457269828
21969 529337 1457269834
6024260 6024260 1457269862
4803331 5982711 1457269866
5314197 5892719 1457269892
4084981 765075 1457269909
4694807 2468723 1457269933
2057709 6022733 1457269934
1296707 1296707 1457269940
4077389 4077389 1457269943
1113260 1113260 1457269950
1614998 1614998 1457269958
1405667 3900322 1457269963
4694807 4694807 1457269992
2468723 2468723 1457269997
1609556 4687565 1457270003
2210301 2162496 1457270016
6023947 4062354 1457270021
677561 677561 1457270037
341994 5156137 1457270043
4984255 4984255 1457270044
2058844 2090769 1457270080
4580942 4580942 1457270136
2057171 52249 1457270151
2087055 879046 1457270175
301447 3538173 1457270183
5971390 5971390 1457270199
3266847 2705585 1457270219
351511 5473329 1457270224
1614998 1614998 1457270232
879046 879046 1457270238
70427 5569327 1457270289
130204 3218478 1457270301
677561 5861796 1457270303
165216 165216 1457270320
6005455 2732801 1457270346
454780 1768303 1457270366
879046 879046 1457270367
3266847 1344961 1457270367
1984371 1984371 1457270382
512651 412923 1457270384
909974 3070254 1457270438
5229523 6024026 1457270452
4661744 1920695 1457270463
2018846 2252465 1457270475
1191259 4661191 1457270482
83605 6023755 1457270487
164276 136558 1457270489
3592020 227267 1457270509
2516829 3011380 1457270520
1258079 1361270 1457270566
2109254 2109254 1457270584
2109254 2109254 1457270588
879046 879046 1457270604
3880510 3880510 1457270619
4714697 1300892 1457270623
612445 612445 1457270626
1984371 5283030 1457270626
4056146 16582 1457270635
1614998 1614998 1457270638
3880510 3880510 1457270640
2056455 2056455 1457270642
2109254 2109254 1457270659
862270 1303836 1457270677
4790399 4790399 1457270689
5047454 5030225 1457270692
465056 465056 1457270701
5182062 5182062 1457270722
2254048 1928863 1457270731
2087055 879046 1457270732
5892719 5892719 1457270739
76810 76810 1457270744
3544566 3544566 1457270749
4891079 569976 1457270752
3879992 5472518 1457270781
1507888 1507888 1457270790
1951057 1951057 1457270812
2636887 2636887 1457270822
72625 72625 1457270838
3811484 3811484 1457270852
4797914 1741094 1457270880
356849 2140241 1457270902
426790 426790 1457270918
6006979 3690301 1457270983
1090791 1090791 1457271010
5719935 5719935 1457271026
4871939 1070452 1457271067
5886483 5886483 1457271072
160728 6022884 1457271098
1090791 1090791 1457271102
76810 76810 1457271127
988941 1221747 1457271134
4646662 4646662 1457271144
1071308 1920695 1457271151
4660280 4660280 1457271156
3349551 16076 1457271168
5156137 5156137 1457271185
3222825 623300 1457271204
4504191 5007332 1457271209
5967528 1354557 1457271225
5225899 4996248 1457271230
2418532 2591234 1457271232
5850593 4985241 1457271241
61164 499636 1457271245
1733644 1602819 1457271267
4871939 1070452 1457271272
106224 325418 1457271290
4574281 6023133 1457271312
4758091 4758091 1457271322
377398 5696792 1457271342
625403 625914 1457271359
5156137 5156137 1457271362
426790 4580942 1457271379
5047454 5030225 1457271399
4402233 887210 1457271423
2700673 2700673 1457271425
312172 312172 1457271444
5037251 463857 1457271471
1312780 1650012 1457271472
2036650 600339 1457271483
2784512 1777480 1457271487
4667934 5344175 1457271524
1295564 1295564 1457271536
1071308 1920695 1457271542
1613573 874024 1457271562
1560697 6024257 1457271570
1344961 1344961 1457271587
879046 879046 1457271588
5081563 5081563 1457271603
4758091 2912340 1457271661
625403 5856131 1457271663
2057709 5496024 1457271702
4863783 4863783 1457271738
5892719 818326 1457271738
5878860 1330341 1457271743
3266847 1344961 1457271745
4604579 3804392 1457271748
2180785 3018586 1457271754
325521 2175350 1457271787
5454585 5454585 1457271810
1018943 2890083 1457271817
1018943 4413911 1457271820
5540292 5540292 1457271835
259769 865617 1457271836
3954928 2530266 1457271862
4560015 6004650 1457271864
4231246 4518455 1457271876
1678053 4646662 1457271877
5454585 5454585 1457271899
1018943 1018943 1457271907
818326 818326 1457271941
778560 4872413 1457271943
1344961 1344961 1457271947
4646662 4646662 1457271954
3266847 5213437 1457271964
369897 5619089 1457271967
4164192 4164192 1457271987
1817170 1048572 1457271987
634919 2077131 1457271997
2057709 5702893 1457272006
1177890 4781210 1457272006
2279083 2279083 1457272017
1566221 875023 1457272017
4231246 4518455 1457272035
499636 499636 1457272044
5453797 5453797 1457272099
2921939 3430603 1457272128
4150685 1855677 1457272135
2094352 2094352 1457272141
1077672 1077672 1457272152
913903 634824 1457272166
5461000 5461000 1457272177
887210 887210 1457272194
5864269 4669350 1457272195
3011380 3011380 1457272233
1566221 875023 1457272245
3349551 4496165 1457272269
5868054 5868054 1457272289
6024018 6024018 1457272290
5456493 5457779 1457272295
5894647 2371601 1457272316
1344961 1344961 1457272320
3507137 1801524 1457272323
4580942 4580942 1457272330
2057709 6020412 1457272340
3204942 5469621 1457272346
1649678 539684 1457272348
97073 97073 1457272358
1626632 1626632 1457272387
4411955 2803960 1457272415
3744182 3744182 1457272423
2245773 16725 1457272432
1159915 1159915 1457272435
2713582 1909640 1457272476
5379340 224410 1457272484
3160881 3160881 1457272504
1626632 211665 1457272513
5406239 5992185 1457272537
5640191 5640191 1457272545
3744182 3744182 1457272548
992765 20862 1457272561
1177890 5864993 1457272563
5640191 1271826 1457272570
5432806 5432806 1457272571
4580942 4580942 1457272578
5005768 3294262 1457272583
2705585 2705585 1457272590
797049 211665 1457272604
5303441 5303441 1457272633
5329137 2109254 1457272644
426790 4580942 1457272645
144088 5392065 1457272653
2705585 2705585 1457272661
5579164 5579164 1457272668
3656912 120731 1457272692
4555367 5308117 1457272702
2592042 1845408 1457272725
5885734 879035 1457272727
2803960 2803960 1457272733
4580942 4580942 1457272816
2245773 5579164 1457272824
5432806 5432806 1457272825
4555367 5308117 1457272843
426790 4580942 1457272848
5496024 5496024 1457272850
4039014 1109199 1457272876
18157 1646996 1457272886
2087055 879046 1457272905
348716 348716 1457272910
2803960 2803960 1457272911
548225 548225 1457272944
661519 5866175 1457272957
6024257 6024257 1457272980
3041129 5991904 1457272996
426790 4580942 1457273005
4927393 5579164 1457273041
839411 426790 1457273069
1177890 5409748 1457273088
4555367 5308117 1457273133
766466 766466 1457273134
1437652 212878 1457273184
4806509 1271826 1457273195
4618272 772649 1457273202
1177890 4917254 1457273216
144088 1641107 1457273230
2797197 5971390 1457273318
3345375 4022289 1457273328
144088 347727 1457273338
5878860 1330341 1457273352
144088 98207 1457273366
4049257 3816212 1457273371
3507137 1801524 1457273391
144088 275047 1457273420
5617035 4368648 1457273425
5579164 5579164 1457273428
